0.005	0
0.015	0
0.025	0
0.035	0
0.045	0
0.055	0
0.065	0
0.075	0
0.085	0
0.095	0
0.105	0
0.115	0
0.125	0
0.135	0
0.145	0
0.155	0
0.165	0
0.175	0
0.185	0
0.195	0
0.205	0
0.215	0.0378987786
0.225	0
0.235	0
0.245	0
0.255	0
0.265	0
0.275	0
0.285	0
0.295	0
0.305	0
0.315	0
0.325	0.02507149969
0.335	0
0.345	0
0.355	0.04590556281
0.365	0.04464787616
0.375	0.06518589919
0.385	0.02116425298
0.395	0.02062844911
0.405	0.1207146281
0.415	0.03926861397
0.425	0.1150339397
0.435	0.05619474068
0.445	0.03662129168
0.455	0.03581642813
0.465	0.03504618236
0.475	0.102925104
0.485	0.2016058738
0.495	0.09876651393
0.505	0.1936214827
0.515	0.2056836625
0.525	0.2638476872
0.535	0.2132249039
0.545	0.2541652033
0.555	0.2642671589
0.565	0.3893847961
0.575	0.3117586483
0.585	0.4178583282
0.595	0.2875848494
0.605	0.3905766687
0.615	0.2517341635
0.625	0.3520038556
0.635	0.3977879675
0.645	0.4547853432
0.655	0.4229619413
0.665	0.5146255199
0.675	0.4707870497
0.685	0.5709713798
0.695	0.5510318817
0.705	0.7050247962
0.715	0.5584106749
0.725	0.6855758363
0.735	0.6540761994
0.745	0.6015477274
0.755	0.6691267798
0.765	0.7242877688
0.775	0.7885391031
0.785	0.7265944177
0.795	0.7174548653
0.805	0.8097627229
0.815	0.8098248212
0.825	0.7703788086
0.835	0.888011501
0.845	0.8389309511
0.855	0.819588791
0.865	0.8572134142
0.875	0.6704835345
0.885	0.8930836471
0.895	0.9650426417
0.905	0.7743076423
0.915	0.9350436359
0.925	0.9777884879
0.935	1.037048396
0.945	0.8105125032
0.955	0.9385404334
0.965	0.9372583951
0.975	1.195074819
0.985	0.8437768677
0.995	0.9908911812
1.005	0.8918468795
1.015	1.051644433
1.025	0.969838988
1.035	1.07855896
1.045	1.02925104
1.055	1.112176479
1.065	1.002271455
1.075	1.000527755
1.085	1.141504225
1.095	1.004577214
1.105	1.024981899
1.115	1.110791107
1.125	1.028488632
1.135	0.94763642
1.145	1.088803775
1.155	1.107595906
1.165	1.021152498
1.175	0.9985924983
1.185	0.997041707
1.195	1.056884349
1.205	0.9061110469
1.215	1.146788967
1.225	1.037653089
1.235	0.9830666983
1.245	0.9424467353
1.255	0.9868781551
1.265	0.9082225085
1.275	1.060868555
1.285	1.014566524
1.295	1.05077656
1.305	1.080187793
1.315	0.9976168983
1.325	1.131528816
1.335	0.9216358406
1.345	1.072295925
1.355	1.070395762
1.365	1.026737606
1.375	1.108160286
1.385	1.000144663
1.395	0.9696110453
1.405	1.026503929
1.415	0.9789401822
1.425	0.9091717519
1.435	1.061826058
1.445	0.9924496763
1.455	0.9800285531
1.465	0.9510911913
1.475	0.9556915729
1.485	0.9821781107
1.495	0.9810586835
1.505	0.9691259099
1.515	0.9143236685
1.525	0.8495539321
1.535	1.072276192
1.545	1.007322552
1.555	1.095165027
1.565	0.7601550545
1.575	1.01917636
1.585	0.9870420067
1.595	0.9297675277
1.605	0.9696656344
1.615	0.8728452446
1.625	1.047988687
1.635	0.9767917616
1.645	0.9807604894
1.655	1.014221694
1.665	0.8613151845
1.675	1.070216255
1.685	1.08320782
1.695	1.009516138
1.705	0.9032356999
1.715	0.997743355
1.725	1.039195494
1.735	1.037902285
1.745	1.055301806
1.755	1.067860172
1.765	1.029494017
1.775	1.032875163
1.785	0.9129677758
1.795	0.8942633803
1.805	1.074393629
1.815	1.0011333
1.825	1.040295514
1.835	1.079030893
1.845	1.077598876
1.855	0.9927232626
1.865	0.9961384059
1.875	0.9995171209
1.885	0.9293745574
1.895	0.9674688205
1.905	1.005163144
1.915	0.9743845245
1.925	0.9650899361
1.935	0.968524342
1.945	0.9761127578
1.955	0.9919593355
1.965	0.8998307967
1.975	0.9695371082
1.985	1.026226373
1.995	0.8944681656
2.005	1.003797824
2.015	0.9664658751
2.025	0.905359711
2.035	0.9529633911
2.045	0.9363500189
2.055	0.9912697566
2.065	0.9667400304
2.075	1.020983963
2.085	0.9613747722
2.095	1.015126473
2.105	1.01030402
2.115	1.001674574
2.125	1.031470993
2.135	1.022823243
2.145	0.8926973374
2.155	1.107857799
2.165	1.087686193
2.175	0.9365790114
2.185	0.9770426538
2.195	0.9763036155
2.205	0.9533992059
2.215	0.945416258
2.225	0.9960991337
2.235	1.06455719
2.245	1.005372721
2.255	0.9973008967
2.265	1.02887236
2.275	1.049421344
2.285	0.9949051354
2.295	1.011872618
2.305	1.000412661
2.315	0.9784924393
2.325	0.935733069
2.335	0.9491736927
2.345	1.038943702
2.355	0.9930123709
2.365	1.023267022
2.375	0.9743576511
2.385	0.9156090662
2.395	1.047873536
2.405	0.9215470156
2.415	0.9346011427
2.425	0.9509077047
2.435	0.9838118256
2.445	1.006448955
2.455	1.078687232
2.465	0.9123381428
2.475	0.9679118365
2.485	0.9672957878
2.495	1.058127823
2.505	1.05065097
2.515	0.9946357382
2.525	0.9326101419
2.535	0.9610741547
2.545	1.005322807
2.555	1.122575172
2.565	1.007014135
2.575	1.006267764
2.585	0.9172677304
2.595	1.045611967
2.605	1.060365635
2.615	0.9690637977
2.625	0.9871007592
2.635	1.023554679
2.645	0.9765562402
2.655	0.9759470783
2.665	1.039549987
2.675	1.029571679
2.685	1.007528796
2.695	0.9705321726
2.705	1.024177714
2.715	1.023406613
2.725	1.001709919
2.735	0.872919034
2.745	1.101273616
2.755	0.9553105916
2.765	1.028475534
2.775	1.015960411
2.785	0.9947578871
2.795	1.107810451
2.805	1.016714114
2.815	0.9204758412
2.825	0.992210147
2.835	0.8852406063
2.845	0.9594585338
2.855	0.9218496252
2.865	0.8987235665
2.875	0.9636176402
2.885	1.124089596
2.895	0.976662652
2.905	0.9143977253
2.915	1.045434232
